000001000000000000000111000001100000010000000011000001100000101000000010
000000010000100000000110000010000000000100000001000000000000001100000000
000001100000001000000110000000010000100000001000000001010000010100001000
000000110000011000001001000001000000100100000110000000100000100000001000
000001100000100000000011000001110000100000001000000010100000000100000110
000010010000011100001000000000100000010000000011000010000000010100000111
000001000000100100000110000000110000001100000101000001010000011100000000
000000100000011100000100000010100000100000000100000000100000000100000110
000010100000011100000001000001110000011100000111000001100000010100001000
000010010000100100000101000000100000001100000100000000100000100000000011
000000110000010100000101000001000000100000000110000010000000000100000001
000000110000100000000101000000100000010000001000000001110000011000000001
000010100000000100000100000001000000000100000001000001100000011100000011
000000100000100100000010000001010000001100000010000001110000001000000110
000010000000001000001000000010010000011000001001000000010000100000000011
000000100000001000000010000001000000010100001010000001110000100100000110
000010010000100000000101000000000000011100000101000010010000011000000100
000010010000010000000001000001000000100100001001000000010000011000001001
000010010000001000000010000010010000011100000110000010010000010100000110
000000110000011100001001000001000000010100000110000001000000010000000001
000010000000001000000110000000010000011100000011000000100000001000000001
000000100000011100000101000000010000100000000010000000110000010100000011
000001100000100100001000000001010000011100001010000000110000010000001000
000000010000100000000101000001100000000000000000000010000000011000000011

