4 6 6 
0 4 10 
7 3 2 

1 8 0 
8 1 3 
6 1 0 

6 1 5 
2 8 5 
6 8 8 


3 4 2 
6 9 8 
9 6 8 

6 7 10 
8 8 1 
3 8 6 

9 2 8 
7 4 5 
8 3 7 


4 3 5 
9 3 7 
6 5 0 

2 10 2 
7 8 1 
4 4 6 

10 7 6 
7 7 5 
1 7 8 


9 2 2 
9 3 8 
5 4 3 

3 4 8 
5 8 1 
5 6 1 

3 2 7 
8 4 6 
5 8 1 


10 4 6 
1 1 7 
4 1 3 

2 5 7 
9 3 2 
2 2 6 

8 9 1 
2 6 8 
8 9 3 


2 4 7 
2 5 9 
2 10 6 

9 0 9 
8 7 6 
5 5 4 

9 4 1 
4 9 6 
1 9 9 


9 9 9 
2 7 5 
2 6 6 

3 4 4 
7 5 4 
9 6 1 

8 1 2 
2 7 2 
6 3 1 


2 1 3 
7 8 5 
5 2 3 

6 5 3 
9 7 4 
8 10 8 

1 6 8 
8 0 6 
5 0 3 


